15.051
18.662
21.459
24.146
26.083
27.746
29.056
29.829
29.992
29.987
29.985
29.991
29.992
29.985
29.986
29.987
29.992
29.993
29.987
29.987
29.993
29.986
29.994
29.992
29.99
29.992
29.992
29.989
29.991
29.987
29.993
29.991
29.985
29.985
29.989
29.989
29.991
29.989
29.993
29.996
29.99
29.991
29.987
29.989
29.992
29.993
29.988
29.986
29.992
29.985
29.99
29.988
29.993
29.995
29.987
29.99
29.989
29.987
29.99
29.992
29.993
29.991
29.993
29.993
29.994
29.989
29.994
29.992
29.99
29.992
29.986
29.989
29.991
29.989
29.988
29.985
29.992
29.991
29.991
29.99
29.994
29.991
29.989
29.99
29.994
29.988
29.989
29.995
29.988
29.99
29.988
29.993
29.992
29.997
29.989
29.989
29.994
29.987
29.992
29.988
29.994
29.994
