Optimal Number of Bins: 20
29.085
28.925
28.635
27.92
27.38
27.005
26.985
26.945
26.77
26.25
26.0
26.0
26.0
26.005
26.015
26.01
26.0
26.005
26.0
26.0
26.0
26.0
26.0
26.0
26.0
26.0
26.005
26.0
26.0
26.0
26.0
26.0
26.0
26.0
26.0
26.0
26.0
26.0
26.0
26.0
26.0
26.0
26.0
26.0
26.0
25.995
25.965
25.895
25.665
25.11
25.0
25.0
25.0
25.0
25.0
25.0
25.0
25.0
25.0
25.0
25.0
25.0
25.0
25.0
25.0
25.0
25.0
25.0
25.0
25.0
25.0
25.0
25.0
25.0
25.0
25.0
25.0
24.995
24.995
24.985
24.92
24.725
24.135
24.0
24.0
24.0
23.99
23.965
23.845
23.315
22.21
22.0
22.0
22.0
22.0
21.99
21.935
21.76
21.23
21.0
21.0
21.0
21.0
21.0
21.0
20.995
21.0
21.0
21.0
21.0
20.995
20.99
20.985
20.975
20.93
20.795
20.385
20.04
20.04
20.02
20.055
20.055
20.045
20.04
20.05
20.055
20.055
20.035
20.015
20.03
20.025
20.03
20.0
