Optimal Number of Bins: 19
28.14
27.98
27.73
27.325
27.065
26.97
26.835
26.41
25.99
25.925
25.625
25.12
25.03
25.02
25.02
25.01
24.97
24.915
24.64
24.06
24.01
24.005
24.005
24.0
24.0
24.0
24.0
24.0
24.01
24.005
24.0
24.0
24.0
24.0
24.0
24.0
24.0
24.0
24.0
24.0
24.0
24.0
24.0
24.0
24.0
24.0
24.0
24.0
24.005
24.0
24.0
24.005
24.0
24.0
24.0
24.0
24.0
24.0
24.0
24.0
24.0
24.0
24.0
24.0
24.0
24.0
24.0
24.0
24.0
24.0
24.0
23.995
23.97
23.865
23.46
23.01
23.0
23.0
23.0
23.0
23.0
23.0
23.0
23.0
23.0
23.0
23.0
23.0
23.0
23.0
23.0
23.0
23.0
23.0
22.99
22.97
22.925
22.745
22.07
21.32
21.095
21.095
21.055
21.02
21.025
21.03
21.015
21.01
21.02
21.005
21.02
21.02
21.005
21.02
21.02
21.01
21.015
21.02
21.01
21.01
21.015
21.0
21.005
21.0
21.005
21.015
21.0
21.0
21.01
21.0
21.0
21.0
21.005
21.01
21.02
21.0
21.03
21.005
21.0
21.01
21.0
21.005
21.0
21.02
21.005
21.0
21.01
21.01
21.015
21.005
21.0
21.01
21.0
21.0
21.0
21.0
21.005
21.0
21.01
21.015
21.0
21.0
21.0
21.0
21.0
21.0
21.005
20.995
20.975
20.915
20.685
20.145
20.03
20.02
20.045
20.05
20.04
20.015
20.04
20.015
20.005
20.03
20.015
20.01
20.005
19.995
19.98
19.985
19.88
19.51
19.155
19.045
19.115
19.115
19.09
19.085
19.08
19.085
19.065
19.105
19.07
19.065
19.03
19.07
19.04
19.035
19.065
19.085
19.08
19.05
19.06
19.075
19.06
19.07
19.035
19.05
19.06
19.06
19.065
19.045
19.045
19.05
19.045
19.05
19.075
19.07
19.05
19.035
19.06
19.06
19.05
19.05
19.035
19.03
19.035
19.025
19.06
19.025
19.035
19.03
19.055
19.035
19.045
19.02
19.025
19.025
19.045
19.02
19.03
19.025
19.02
19.025
19.02
19.01
19.045
19.02
19.03
19.035
19.04
19.05
19.035
19.03
19.01
19.03
19.025
19.035
19.03
19.025
19.045
19.03
19.06
19.025
19.03
19.035
19.02
19.01
19.03
19.01
19.045
19.02
19.0
