Optimal Number of Bins: 19
28.165
27.97
27.71
27.075
26.55
25.94
25.43
25.04
25.02
25.015
25.015
25.02
25.015
25.035
25.01
25.025
25.015
25.02
25.0
25.005
25.01
25.025
25.005
25.015
25.025
25.01
25.0
25.0
25.0
25.0
25.0
25.005
25.005
25.0
25.0
25.0
25.005
25.005
25.0
25.0
25.0
25.0
25.0
25.0
25.0
25.0
25.005
25.0
25.0
25.0
25.0
25.005
25.0
25.0
25.0
25.0
25.0
25.0
25.0
25.0
25.0
25.0
24.995
24.965
24.89
24.505
24.03
24.0
24.005
24.0
24.0
24.01
24.0
24.0
24.0
24.0
24.0
24.0
24.0
24.0
24.0
24.0
24.0
24.0
24.0
24.0
24.0
24.0
24.0
24.0
24.0
24.0
24.0
24.0
24.0
24.0
24.0
24.0
24.0
23.995
23.98
23.93
23.78
23.28
23.0
23.0
23.0
23.0
23.0
23.0
23.0
23.0
23.0
23.0
23.0
22.99
22.945
22.8
22.325
22.005
22.0
22.0
22.0
22.0
22.0
22.0
22.0
22.0
22.0
22.0
22.0
22.0
22.0
22.0
22.0
22.0
22.0
22.0
22.0
22.0
22.0
22.0
22.0
22.0
22.0
22.0
22.0
22.0
22.0
22.0
22.0
22.0
22.0
22.0
22.0
22.0
22.0
22.0
22.0
22.0
22.0
22.0
22.0
22.0
22.0
22.0
22.0
22.0
22.0
22.0
22.0
22.0
22.0
22.0
22.0
22.0
22.0
22.0
22.0
22.0
22.0
22.005
22.0
22.0
22.0
22.0
22.0
22.0
22.0
22.0
22.0
22.0
22.0
22.0
22.0
22.0
22.0
22.0
22.0
22.0
22.0
22.0
22.0
22.0
22.0
22.0
22.0
22.0
22.0
22.0
22.0
22.0
22.0
22.0
22.0
22.0
21.995
21.99
21.945
21.83
21.445
20.98
20.89
20.51
20.035
20.0
20.01
20.005
20.0
20.01
20.01
20.0
20.02
20.02
20.015
20.005
19.985
19.96
19.71
19.245
19.09
19.13
19.085
19.065
19.09
19.085
19.1
19.1
19.11
19.12
19.1
19.065
19.05
19.11
19.065
19.08
19.045
19.07
19.08
19.04
19.075
19.09
19.085
19.08
19.09
19.065
19.05
19.045
19.055
19.1
19.07
19.075
19.06
19.07
19.1
19.08
19.055
19.035
19.055
19.045
19.06
19.05
19.06
19.055
19.06
19.06
19.045
19.055
19.055
19.04
19.035
19.03
19.025
19.04
19.025
19.045
19.03
19.07
19.04
19.05
19.03
19.04
