Optimal Number of Bins: 19
28.155
27.86
27.415
26.96
26.725
26.15
25.73
25.115
24.61
24.07
24.02
24.025
24.005
24.03
24.01
24.015
24.01
24.01
24.015
24.01
24.0
24.0
23.945
23.825
23.41
23.015
23.01
23.005
23.0
23.0
23.0
23.0
23.0
23.0
23.0
23.0
23.0
23.0
23.0
23.0
23.0
23.0
23.0
23.0
23.0
23.0
23.0
23.0
23.0
23.0
23.0
23.0
23.0
23.0
23.0
23.0
23.0
23.0
23.0
23.0
23.0
23.0
23.0
23.0
23.0
23.0
23.0
23.0
23.0
23.0
23.0
22.995
22.98
22.87
22.52
22.01
22.0
22.0
22.0
22.0
22.0
22.0
22.0
22.0
22.0
22.0
22.0
22.0
22.0
22.0
22.0
22.0
22.0
22.0
21.995
21.98
21.945
21.775
21.265
20.775
20.255
20.0
20.025
20.04
20.015
20.045
20.04
20.01
20.01
20.025
20.015
20.01
20.01
20.035
20.015
20.025
20.015
20.01
20.03
20.0
20.025
20.02
20.025
20.04
20.02
20.025
20.025
20.03
20.025
20.015
19.94
19.73
19.345
19.13
19.14
19.105
19.125
19.105
19.16
19.1
19.11
19.125
19.165
19.075
19.11
19.08
19.04
19.1
19.105
19.075
19.09
19.075
19.115
19.065
19.065
19.04
19.035
19.08
19.075
19.06
19.025
19.075
19.045
19.055
19.055
19.07
19.08
19.09
19.07
19.09
19.075
19.105
19.08
19.055
19.065
19.125
19.07
19.085
19.05
19.06
19.06
19.05
19.065
19.055
19.055
19.065
19.075
19.085
19.08
19.105
19.065
19.055
19.07
19.065
19.055
19.075
19.075
19.07
19.045
19.08
19.105
19.05
19.045
19.065
19.055
19.115
19.065
19.03
19.06
19.045
19.065
19.045
19.045
19.035
19.04
19.06
19.075
19.045
19.03
19.05
19.045
19.06
19.035
19.07
19.04
19.025
19.07
19.05
19.04
19.03
19.035
19.04
19.045
19.025
19.015
19.03
19.025
19.03
19.025
19.065
19.03
19.025
19.035
19.07
19.04
19.05
19.04
19.045
19.06
19.04
19.015
19.035
19.02
19.045
19.035
19.035
19.065
19.015
19.055
19.04
19.03
19.045
19.04
19.05
19.03
19.03
19.055
19.025
19.02
19.06
19.03
19.02
19.03
19.01
19.03
19.055
19.03
19.02
19.03
19.035
19.015
19.025
19.04
19.035
19.055
19.045
19.045
19.025
19.035
19.015
19.01
19.01
19.02
19.03
19.03
19.02
19.025
19.025
19.025
19.015
19.005
19.025
