Optimal Number of Bins: 19
28.09
27.845
27.445
27.0
26.865
26.51
26.035
26.015
26.0
26.005
26.0
26.0
26.0
26.0
26.0
26.0
26.0
26.0
26.0
26.0
26.0
26.0
26.0
26.0
26.0
26.0
26.0
26.0
26.0
26.0
26.005
26.01
26.0
26.005
26.0
26.0
26.0
26.0
26.0
26.0
26.0
26.0
26.0
26.0
25.99
25.965
25.875
25.485
24.4
23.925
23.825
23.435
23.01
23.0
23.0
23.01
23.005
23.0
23.01
23.0
23.0
23.0
23.005
23.005
23.01
23.0
23.005
23.005
23.015
23.005
23.0
23.005
23.0
23.0
23.01
23.01
23.005
23.005
23.015
23.015
23.0
23.0
23.01
23.0
23.0
23.015
23.01
23.005
23.005
23.005
23.01
23.0
23.005
23.005
23.005
23.0
23.005
23.0
23.0
23.0
23.0
23.0
23.0
23.005
23.005
23.0
23.0
23.0
23.0
23.005
23.0
23.0
23.0
23.0
22.995
22.98
22.88
22.535
22.035
22.02
22.025
22.015
22.015
22.03
22.005
22.015
22.02
22.03
22.02
22.005
22.0
22.0
22.005
22.01
22.005
22.02
22.015
22.005
22.01
22.015
22.0
22.005
22.0
22.0
22.02
22.0
22.005
22.005
22.005
22.005
22.01
22.0
22.01
22.005
22.01
22.0
22.005
22.0
22.005
22.0
22.0
22.0
22.005
22.0
22.01
22.0
21.995
21.985
21.965
21.855
21.52
21.1
21.05
21.05
21.045
21.03
21.005
21.025
21.01
21.015
21.025
21.025
21.01
21.0
21.015
20.94
20.835
20.405
20.09
20.07
20.05
20.03
20.04
20.03
20.02
20.025
20.03
20.015
20.025
20.01
20.035
20.03
20.025
20.015
20.025
20.025
20.01
20.03
20.02
20.005
20.02
20.015
20.015
20.005
20.005
20.005
20.005
20.015
20.015
20.01
20.01
20.01
20.005
20.0
20.0
20.005
20.0
20.005
20.0
20.0
20.005
20.005
20.01
20.005
19.995
19.99
19.96
19.805
19.385
19.05
19.015
19.05
19.035
19.035
19.065
19.05
19.06
19.065
19.055
19.03
19.015
19.03
19.03
19.045
19.065
19.045
19.025
19.05
19.075
19.035
19.065
19.08
19.025
19.07
19.045
19.03
19.035
19.025
19.03
19.04
19.02
19.025
19.045
19.045
19.03
19.02
19.025
19.065
19.03
19.01
19.01
19.04
19.045
19.01
19.05
19.025
19.045
19.01
19.025
19.055
19.05
19.06
19.05
19.06
19.065
19.05
19.04
19.055
19.075
19.03
19.055
19.06
